C        gamma       accuracy
32       0.0078125   70.7267%
0.5      0.0078125   69.7467%
32       0.5         69.3333%
0.5      0.5         68.2933%
32       0.00012207  68.1533%
0.5      0.00012207  68.1533%      
0.125    0.0078125   68.1533% 
0.125    0.5         68.1533% 
0.125    0.00012207  68.1533% 
32       2           69.2733%
0.5      2           68.32%
0.125    5           68.1533%
32       0.00048828  69.1%
0.5      0.00048828  68.1533%
0.125    0.00048828  68.1533%
8        0.0078125   70.5933%
8        0.5         69.5067%
8        0.00012207  68.1533%
8        2           69.4%
8        0.00048828  68.1533%
32       0.03125
0.5      0.03125     70.38%
0.125    0.03125     69.38%
8        0.03125
0.125    0.0000305
8        0.0000305
0.03125  0.0078125
0.03125  0.2
0.03125  0.00012207
0.03125  2
0.03125  0.00048828
0.03125  0.03125
0.03125  0.0000305
32       8
0.5      8
0.125    8
8        8
0.03125  8
32       0.001953125
0.5      0.001953125
2        0.5
2        0.00012207
2        2
2        0.00048828
2        0.03125
2        0.0000305
2        8
2        0.001953125
32       0.125
0.5      0.125
0.125    0.125
8        0.125
0.03125  0.125
2        0.125
